# Made in Blockbench 4.12.4
mtllib coke_oven_preheater.mtl

o fan
v 0.7182900000000001 0.18796000000000002 0.821653
v 0.7495400000000001 0.21921000000000002 0.7774589999999999
v 0.8120400000000001 0.28171 0.865847
v 0.7807900000000001 0.25046 0.9100410000000001
v 0.4973190000000001 0.408931 0.821653
v 0.5285690000000002 0.440181 0.7774589999999999
v 0.5598190000000002 0.471431 0.9100410000000001
v 0.5910690000000002 0.502681 0.865847
v 0.18796000000000018 0.28171 0.821653
v 0.21921000000000018 0.25046 0.7774589999999999
v 0.2817100000000002 0.18796000000000002 0.865847
v 0.2504600000000002 0.21921000000000002 0.9100410000000001
v 0.4089310000000002 0.502681 0.821653
v 0.4401810000000002 0.471431 0.7774589999999999
v 0.4714310000000002 0.440181 0.9100410000000001
v 0.5026810000000002 0.408931 0.865847
v 0.2817100000000001 0.81204 0.759153
v 0.2504600000000001 0.78079 0.7774589999999999
v 0.18796000000000018 0.71829 0.865847
v 0.21921000000000018 0.74954 0.8475410000000001
v 0.5026810000000002 0.591069 0.759153
v 0.4714310000000002 0.559819 0.7774589999999999
v 0.4401810000000002 0.528569 0.8475410000000001
v 0.4089310000000002 0.497319 0.865847
v 0.8120400000000001 0.71829 0.821653
v 0.7807900000000001 0.74954 0.7774589999999999
v 0.7182900000000001 0.81204 0.865847
v 0.7495400000000001 0.78079 0.9100410000000001
v 0.5910690000000002 0.497319 0.821653
v 0.5598190000000002 0.528569 0.7774589999999999
v 0.5285690000000002 0.559819 0.9100410000000001
v 0.4973190000000001 0.591069 0.865847
v 0.5000000000000002 0.411612 0.9375
v 0.41161200000000014 0.5 0.9375
v 0.5000000000000002 0.588388 0.9375
v 0.5883880000000001 0.5 0.9375
v 0.5000000000000001 0.411612 0.75
v 0.5883880000000001 0.5 0.75
v 0.5000000000000001 0.588388 0.75
v 0.4116120000000001 0.5 0.75
v 0.28170999999999985 0.18796000000000002 -1.696653
v 0.2504599999999999 0.21921000000000002 -1.652459
v 0.18795999999999985 0.28171 -1.740847
v 0.21920999999999985 0.25046 -1.785041
v 0.5026809999999998 0.408931 -1.696653
v 0.4714309999999999 0.440181 -1.652459
v 0.4401809999999999 0.471431 -1.785041
v 0.4089309999999999 0.502681 -1.740847
v 0.8120399999999999 0.28171 -1.696653
v 0.7807899999999999 0.25046 -1.652459
v 0.7182899999999999 0.18796000000000002 -1.740847
v 0.7495399999999999 0.21921000000000002 -1.785041
v 0.5910689999999998 0.502681 -1.696653
v 0.5598189999999998 0.471431 -1.652459
v 0.5285689999999998 0.440181 -1.785041
v 0.4973189999999998 0.408931 -1.740847
v 0.7182899999999999 0.81204 -1.696653
v 0.7495399999999999 0.78079 -1.652459
v 0.8120399999999999 0.71829 -1.740847
v 0.7807899999999999 0.74954 -1.785041
v 0.4973189999999998 0.591069 -1.696653
v 0.5285689999999998 0.559819 -1.652459
v 0.5598189999999998 0.528569 -1.785041
v 0.5910689999999998 0.497319 -1.740847
v 0.18795999999999985 0.71829 -1.696653
v 0.21920999999999985 0.74954 -1.652459
v 0.28170999999999985 0.81204 -1.740847
v 0.25045999999999985 0.78079 -1.785041
v 0.4089309999999999 0.497319 -1.696653
v 0.4401809999999999 0.528569 -1.652459
v 0.4714309999999999 0.559819 -1.785041
v 0.5026809999999998 0.591069 -1.740847
v 0.49999999999999983 0.411612 -1.8125
v 0.5883879999999999 0.5 -1.8125
v 0.49999999999999983 0.588388 -1.8125
v 0.4116119999999998 0.5 -1.8125
v 0.49999999999999983 0.411612 -1.625
v 0.41161199999999987 0.5 -1.625
v 0.49999999999999983 0.588388 -1.625
v 0.5883879999999999 0.5 -1.625
vt 0.21875 0.40625
vt 0.21875 0.390625
vt 0.25 0.390625
vt 0.25 0.40625
vt 0.21875 0.40625
vt 0.234375 0.40625
vt 0.234375 0.328125
vt 0.21875 0.328125
vt 0.25 0.328125
vt 0.21875 0.328125
vt 0.21875 0.40625
vt 0.25 0.40625
vt 0.234375 0.40625
vt 0.25 0.40625
vt 0.25 0.328125
vt 0.234375 0.328125
vt 0.21875 0.40625
vt 0.25 0.40625
vt 0.25 0.328125
vt 0.21875 0.328125
vt 0.21875 0.390625
vt 0.21875 0.40625
vt 0.25 0.40625
vt 0.25 0.390625
vt 0.21875 0.40625
vt 0.234375 0.40625
vt 0.234375 0.328125
vt 0.21875 0.328125
vt 0.25 0.328125
vt 0.21875 0.328125
vt 0.21875 0.40625
vt 0.25 0.40625
vt 0.234375 0.40625
vt 0.25 0.40625
vt 0.25 0.328125
vt 0.234375 0.328125
vt 0.21875 0.40625
vt 0.25 0.40625
vt 0.25 0.328125
vt 0.21875 0.328125
vt 0.21875 0.390625
vt 0.21875 0.40625
vt 0.25 0.40625
vt 0.25 0.390625
vt 0.21875 0.328125
vt 0.234375 0.328125
vt 0.234375 0.40625
vt 0.21875 0.40625
vt 0.25 0.328125
vt 0.21875 0.328125
vt 0.21875 0.40625
vt 0.25 0.40625
vt 0.25 0.328125
vt 0.234375 0.328125
vt 0.234375 0.40625
vt 0.25 0.40625
vt 0.21875 0.40625
vt 0.25 0.40625
vt 0.25 0.328125
vt 0.21875 0.328125
vt 0.21875 0.390625
vt 0.21875 0.40625
vt 0.25 0.40625
vt 0.25 0.390625
vt 0.21875 0.328125
vt 0.234375 0.328125
vt 0.234375 0.40625
vt 0.21875 0.40625
vt 0.25 0.328125
vt 0.21875 0.328125
vt 0.21875 0.40625
vt 0.25 0.40625
vt 0.25 0.328125
vt 0.234375 0.328125
vt 0.234375 0.40625
vt 0.25 0.40625
vt 0.21875 0.40625
vt 0.25 0.40625
vt 0.25 0.328125
vt 0.21875 0.328125
vt 0.25 0.296875
vt 0.21875 0.296875
vt 0.21875 0.328125
vt 0.25 0.328125
vt 0.21875 0.296875
vt 0.21875 0.25
vt 0.25 0.25
vt 0.25 0.296875
vt 0.21875 0.296875
vt 0.21875 0.25
vt 0.25 0.25
vt 0.25 0.296875
vt 0.21875 0.296875
vt 0.21875 0.25
vt 0.25 0.25
vt 0.25 0.296875
vt 0.21875 0.296875
vt 0.21875 0.25
vt 0.25 0.25
vt 0.25 0.296875
vt 0.21875 0.40625
vt 0.21875 0.390625
vt 0.25 0.390625
vt 0.25 0.40625
vt 0.21875 0.40625
vt 0.234375 0.40625
vt 0.234375 0.328125
vt 0.21875 0.328125
vt 0.25 0.328125
vt 0.21875 0.328125
vt 0.21875 0.40625
vt 0.25 0.40625
vt 0.234375 0.40625
vt 0.25 0.40625
vt 0.25 0.328125
vt 0.234375 0.328125
vt 0.21875 0.40625
vt 0.25 0.40625
vt 0.25 0.328125
vt 0.21875 0.328125
vt 0.21875 0.390625
vt 0.21875 0.40625
vt 0.25 0.40625
vt 0.25 0.390625
vt 0.21875 0.40625
vt 0.234375 0.40625
vt 0.234375 0.328125
vt 0.21875 0.328125
vt 0.25 0.328125
vt 0.21875 0.328125
vt 0.21875 0.40625
vt 0.25 0.40625
vt 0.234375 0.40625
vt 0.25 0.40625
vt 0.25 0.328125
vt 0.234375 0.328125
vt 0.21875 0.40625
vt 0.25 0.40625
vt 0.25 0.328125
vt 0.21875 0.328125
vt 0.21875 0.390625
vt 0.21875 0.40625
vt 0.25 0.40625
vt 0.25 0.390625
vt 0.21875 0.328125
vt 0.234375 0.328125
vt 0.234375 0.40625
vt 0.21875 0.40625
vt 0.25 0.328125
vt 0.21875 0.328125
vt 0.21875 0.40625
vt 0.25 0.40625
vt 0.25 0.328125
vt 0.234375 0.328125
vt 0.234375 0.40625
vt 0.25 0.40625
vt 0.21875 0.40625
vt 0.25 0.40625
vt 0.25 0.328125
vt 0.21875 0.328125
vt 0.21875 0.390625
vt 0.21875 0.40625
vt 0.25 0.40625
vt 0.25 0.390625
vt 0.21875 0.328125
vt 0.234375 0.328125
vt 0.234375 0.40625
vt 0.21875 0.40625
vt 0.25 0.328125
vt 0.21875 0.328125
vt 0.21875 0.40625
vt 0.25 0.40625
vt 0.25 0.328125
vt 0.234375 0.328125
vt 0.234375 0.40625
vt 0.25 0.40625
vt 0.21875 0.40625
vt 0.25 0.40625
vt 0.25 0.328125
vt 0.21875 0.328125
vt 0.25 0.296875
vt 0.21875 0.296875
vt 0.21875 0.328125
vt 0.25 0.328125
vt 0.21875 0.296875
vt 0.21875 0.25
vt 0.25 0.25
vt 0.25 0.296875
vt 0.21875 0.296875
vt 0.21875 0.25
vt 0.25 0.25
vt 0.25 0.296875
vt 0.21875 0.296875
vt 0.21875 0.25
vt 0.25 0.25
vt 0.25 0.296875
vt 0.21875 0.296875
vt 0.21875 0.25
vt 0.25 0.25
vt 0.25 0.296875
vn 0.7071067811865476 -0.7071067811865476 -8.659560562354934e-17
vn -0.49999901669916597 -0.49999901669916597 -0.7071081717811883
vn -0.49999901669916574 -0.49999901669916597 0.7071081717811885
vn 0.4999990166991661 0.49999901669916585 0.7071081717811883
vn 0.49999901669916585 0.49999901669916585 -0.7071081717811885
vn -0.7071067811865476 -0.7071067811865476 8.659560562354934e-17
vn -0.49999901669916597 0.49999901669916597 -0.7071081717811883
vn -0.49999901669916574 0.4999990166991659 0.7071081717811885
vn 0.4999990166991663 -0.4999990166991663 0.7071081717811878
vn 0.4999990166991661 -0.4999990166991662 -0.7071081717811881
vn -0.7071067811865476 0.7071067811865476 8.659560562354934e-17
vn -0.27060024325802223 -0.2706002432580221 -0.9238782477672036
vn 0.4999990166991664 0.4999990166991661 0.7071081717811879
vn 0.27060024325802223 0.2706002432580221 0.9238782477672036
vn -0.4999990166991662 -0.4999990166991663 -0.7071081717811879
vn 0.7071067811865476 0.7071067811865476 -8.659560562354934e-17
vn 0.4999990166991662 -0.4999990166991662 -0.707108171781188
vn 0.4999990166991663 -0.4999990166991662 0.7071081717811879
vn -0.49999901669916574 0.49999901669916574 0.7071081717811885
vn -0.499999016699166 0.49999901669916585 -0.7071081717811882
vn -1.2246467991473532e-16 0 -1
vn 0.7071067811865476 -0.7071067811865476 -8.659560562354934e-17
vn -0.7071067811865476 0.7071067811865476 8.659560562354934e-17
vn 0.7071067811865476 0.7071067811865476 -8.659560562354934e-17
vn -0.7071067811865476 -0.7071067811865476 8.659560562354934e-17
vn -0.7071067811865476 -0.7071067811865476 8.659560562354934e-17
vn 0.4999990166991663 -0.4999990166991663 0.7071081717811878
vn 0.4999990166991661 -0.4999990166991662 -0.7071081717811881
vn -0.49999901669916597 0.49999901669916597 -0.7071081717811883
vn -0.49999901669916574 0.4999990166991659 0.7071081717811885
vn 0.7071067811865476 -0.7071067811865476 -8.659560562354934e-17
vn 0.4999990166991661 0.49999901669916585 0.7071081717811883
vn 0.49999901669916585 0.49999901669916585 -0.7071081717811885
vn -0.49999901669916597 -0.49999901669916597 -0.7071081717811883
vn -0.49999901669916574 -0.49999901669916597 0.7071081717811885
vn 0.7071067811865476 0.7071067811865476 -8.659560562354934e-17
vn -0.49999901669916574 0.49999901669916574 0.7071081717811885
vn -0.499999016699166 0.49999901669916585 -0.7071081717811882
vn 0.4999990166991662 -0.4999990166991662 -0.707108171781188
vn 0.4999990166991663 -0.4999990166991662 0.7071081717811879
vn -0.7071067811865476 0.7071067811865476 8.659560562354934e-17
vn -0.4999990166991661 -0.4999990166991663 0.7071081717811879
vn -0.4999990166991662 -0.4999990166991663 -0.7071081717811879
vn 0.4999990166991662 0.4999990166991662 -0.7071081717811879
vn 0.4999990166991664 0.4999990166991661 0.7071081717811879
vn 1.2246467991473532e-16 0 1
vn -0.7071067811865476 -0.7071067811865476 8.659560562354934e-17
vn 0.7071067811865476 0.7071067811865476 -8.659560562354934e-17
vn -0.7071067811865476 0.7071067811865476 8.659560562354934e-17
vn 0.7071067811865476 -0.7071067811865476 -8.659560562354934e-17
usemtl m_eafa6440-5d44-d42e-1bc5-4356def9766e
f 1/1/1 2/2/1 3/3/1 4/4/1
f 5/5/2 6/6/2 2/7/2 1/8/2
f 7/9/3 5/10/3 1/11/3 4/12/3
f 8/13/4 7/14/4 4/15/4 3/16/4
f 6/17/5 8/18/5 3/19/5 2/20/5
f 9/21/6 10/22/6 11/23/6 12/24/6
f 13/25/7 14/26/7 10/27/7 9/28/7
f 15/29/8 13/30/8 9/31/8 12/32/8
f 16/33/9 15/34/9 12/35/9 11/36/9
f 14/37/10 16/38/10 11/39/10 10/40/10
f 17/41/11 18/42/11 19/43/11 20/44/11
f 21/45/12 22/46/12 18/47/12 17/48/12
f 23/49/13 21/50/13 17/51/13 20/52/13
f 24/53/14 23/54/14 20/55/14 19/56/14
f 22/57/15 24/58/15 19/59/15 18/60/15
f 25/61/16 26/62/16 27/63/16 28/64/16
f 29/65/17 30/66/17 26/67/17 25/68/17
f 31/69/18 29/70/18 25/71/18 28/72/18
f 32/73/19 31/74/19 28/75/19 27/76/19
f 30/77/20 32/78/20 27/79/20 26/80/20
f 33/81/21 34/82/21 35/83/21 36/84/21
f 33/85/22 37/86/22 38/87/22 36/88/22
f 35/89/23 39/90/23 40/91/23 34/92/23
f 36/93/24 38/94/24 39/95/24 35/96/24
f 34/97/25 40/98/25 37/99/25 33/100/25
f 41/101/26 42/102/26 43/103/26 44/104/26
f 45/105/27 46/106/27 42/107/27 41/108/27
f 47/109/28 45/110/28 41/111/28 44/112/28
f 48/113/29 47/114/29 44/115/29 43/116/29
f 46/117/30 48/118/30 43/119/30 42/120/30
f 49/121/31 50/122/31 51/123/31 52/124/31
f 53/125/32 54/126/32 50/127/32 49/128/32
f 55/129/33 53/130/33 49/131/33 52/132/33
f 56/133/34 55/134/34 52/135/34 51/136/34
f 54/137/35 56/138/35 51/139/35 50/140/35
f 57/141/36 58/142/36 59/143/36 60/144/36
f 61/145/37 62/146/37 58/147/37 57/148/37
f 63/149/38 61/150/38 57/151/38 60/152/38
f 64/153/39 63/154/39 60/155/39 59/156/39
f 62/157/40 64/158/40 59/159/40 58/160/40
f 65/161/41 66/162/41 67/163/41 68/164/41
f 69/165/42 70/166/42 66/167/42 65/168/42
f 71/169/43 69/170/43 65/171/43 68/172/43
f 72/173/44 71/174/44 68/175/44 67/176/44
f 70/177/45 72/178/45 67/179/45 66/180/45
f 73/181/46 74/182/46 75/183/46 76/184/46
f 73/185/47 77/186/47 78/187/47 76/188/47
f 75/189/48 79/190/48 80/191/48 74/192/48
f 76/193/49 78/194/49 79/195/49 75/196/49
f 74/197/50 80/198/50 77/199/50 73/200/50